0.000000000000000000e+00 7.111531388759613215e-01
1.000000000000000000e+00 5.441430687904358354e-01
2.000000000000000000e+00 5.054329419136047719e-01
3.000000000000000000e+00 5.036512297391891879e-01
4.000000000000000000e+00 5.037886005640029863e-01
5.000000000000000000e+00 4.882527446746826039e-01
6.000000000000000000e+00 4.896905624866485507e-01
7.000000000000000000e+00 5.132826715707778931e-01
8.000000000000000000e+00 4.841114956140518122e-01
9.000000000000000000e+00 4.759490931034088268e-01
1.000000000000000000e+01 4.701559293270111128e-01
1.100000000000000000e+01 4.739426398277282737e-01
1.200000000000000000e+01 4.586293071508407704e-01
1.300000000000000000e+01 4.448595303297042669e-01
1.400000000000000000e+01 4.338853979110717796e-01
1.500000000000000000e+01 4.443194234371185547e-01
1.600000000000000000e+01 4.152821719646453968e-01
1.700000000000000000e+01 4.103268545866012307e-01
1.800000000000000000e+01 3.947530955076217762e-01
1.900000000000000000e+01 3.923156154155731379e-01
2.000000000000000000e+01 3.864347237348556563e-01
2.100000000000000000e+01 3.807751023769378462e-01
2.200000000000000000e+01 3.727121227979660056e-01
2.300000000000000000e+01 3.693874198198318637e-01
2.400000000000000000e+01 3.657949143648147605e-01
2.500000000000000000e+01 3.592884898185729758e-01
2.600000000000000000e+01 3.560406422615051136e-01
2.700000000000000000e+01 3.509605515003204612e-01
2.800000000000000000e+01 3.485475760698318326e-01
2.900000000000000000e+01 3.427507072687149270e-01
3.000000000000000000e+01 3.378918284177780396e-01
3.100000000000000000e+01 3.341983574628830111e-01
3.200000000000000000e+01 3.306382483243942016e-01
3.300000000000000000e+01 3.261835700273513772e-01
3.400000000000000000e+01 3.233459705114364868e-01
3.500000000000000000e+01 3.202772665023803644e-01
3.600000000000000000e+01 3.118330699205398293e-01
3.700000000000000000e+01 3.079878014326095648e-01
3.800000000000000000e+01 3.080978828668594627e-01
3.900000000000000000e+01 3.043284487724304266e-01
4.000000000000000000e+01 2.963873100280761674e-01
4.100000000000000000e+01 2.907326346635818459e-01
4.200000000000000000e+01 2.927544963359832719e-01
4.300000000000000000e+01 2.919086104631423706e-01
4.400000000000000000e+01 2.777549189329147072e-01
4.500000000000000000e+01 2.698815965652465731e-01
4.600000000000000000e+01 2.655086225271224842e-01
4.700000000000000000e+01 2.573936939239501731e-01
4.800000000000000000e+01 2.495862692594528198e-01
4.900000000000000000e+01 2.438215455412864607e-01
5.000000000000000000e+01 2.363429701328277621e-01
5.100000000000000000e+01 2.301736196875572293e-01
5.200000000000000000e+01 2.241135784983634971e-01
5.300000000000000000e+01 2.192231386899948231e-01
5.400000000000000000e+01 2.105246064066886857e-01
5.500000000000000000e+01 2.036381196975708130e-01
5.600000000000000000e+01 1.934903946518898021e-01
5.700000000000000000e+01 1.903669029474258367e-01
5.800000000000000000e+01 1.847024503350257751e-01
5.900000000000000000e+01 1.753608638048171908e-01
6.000000000000000000e+01 1.677031642198562600e-01
6.100000000000000000e+01 1.606326565146446173e-01
6.200000000000000000e+01 1.545780852437019237e-01
6.300000000000000000e+01 1.491298621892929166e-01
6.400000000000000000e+01 1.436258789896965038e-01
6.500000000000000000e+01 1.402140331268310613e-01
6.600000000000000000e+01 1.358493536710739247e-01
6.700000000000000000e+01 1.312828379869460937e-01
6.800000000000000000e+01 1.300932839512825012e-01
6.900000000000000000e+01 1.244694156944751717e-01
7.000000000000000000e+01 1.218955165147781322e-01
7.100000000000000000e+01 1.193707038462162029e-01
7.200000000000000000e+01 1.173103830218315130e-01
7.300000000000000000e+01 1.216169431805610712e-01
7.400000000000000000e+01 1.161202295124530853e-01
7.500000000000000000e+01 1.103663131594657953e-01
7.600000000000000000e+01 1.068035735189914737e-01
7.700000000000000000e+01 1.044660913944244346e-01
7.800000000000000000e+01 1.026039971411228241e-01
7.900000000000000000e+01 1.019135269522666865e-01
8.000000000000000000e+01 1.009372186660766613e-01
8.100000000000000000e+01 9.919845074415206687e-02
8.200000000000000000e+01 9.799652501940726845e-02
8.300000000000000000e+01 9.584593966603278947e-02
8.400000000000000000e+01 9.658293485641479548e-02
8.500000000000000000e+01 9.288497880101204141e-02
8.600000000000000000e+01 9.226426690816878773e-02
8.700000000000000000e+01 9.047330141067505549e-02
8.800000000000000000e+01 9.017929330468177351e-02
8.900000000000000000e+01 8.878026276826858632e-02
9.000000000000000000e+01 8.819141834974289496e-02
9.100000000000000000e+01 8.852830588817596491e-02
9.200000000000000000e+01 8.632706582546234575e-02
9.300000000000000000e+01 8.493351548910141324e-02
9.400000000000000000e+01 8.376428052783012335e-02
9.500000000000000000e+01 8.356645494699478649e-02
9.600000000000000000e+01 8.309800803661346325e-02
9.700000000000000000e+01 8.226322606205940802e-02
9.800000000000000000e+01 8.174330145120620172e-02
9.900000000000000000e+01 8.074324429035187323e-02
1.000000000000000000e+02 7.650564357638359181e-02
1.010000000000000000e+02 7.445846453309058754e-02
1.020000000000000000e+02 7.430447310209274681e-02
1.030000000000000000e+02 7.398246780037880110e-02
1.040000000000000000e+02 7.321568906307220070e-02
1.050000000000000000e+02 7.321081340312957098e-02
1.060000000000000000e+02 7.293889760971068725e-02
1.070000000000000000e+02 7.203888833522796575e-02
1.080000000000000000e+02 7.194623827934265581e-02
1.090000000000000000e+02 7.144249707460403886e-02
1.100000000000000000e+02 7.135867938399315102e-02
1.110000000000000000e+02 7.133463084697723444e-02
1.120000000000000000e+02 7.052139788866043646e-02
1.130000000000000000e+02 7.021630167961120939e-02
1.140000000000000000e+02 6.989923641085624140e-02
1.150000000000000000e+02 6.955630898475646806e-02
1.160000000000000000e+02 6.966813467442989349e-02
1.170000000000000000e+02 6.931496508419514313e-02
1.180000000000000000e+02 6.904810540378093775e-02
1.190000000000000000e+02 6.901652716100216411e-02
1.200000000000000000e+02 8.969791494309901914e-02
1.210000000000000000e+02 7.738003909587859441e-02
1.220000000000000000e+02 7.032822698354720958e-02
1.230000000000000000e+02 6.833387963473797067e-02
1.240000000000000000e+02 6.749630048871040067e-02
1.250000000000000000e+02 6.735351011157035550e-02
1.260000000000000000e+02 6.692979879677295185e-02
1.270000000000000000e+02 6.664229646325110779e-02
1.280000000000000000e+02 6.637082897126674041e-02
1.290000000000000000e+02 6.672861129045486173e-02
1.300000000000000000e+02 6.593943409621715046e-02
1.310000000000000000e+02 6.594041869044303672e-02
1.320000000000000000e+02 6.498809762299061210e-02
1.330000000000000000e+02 6.487705290317535844e-02
1.340000000000000000e+02 6.481677308678626681e-02
1.350000000000000000e+02 6.479998365044593867e-02
1.360000000000000000e+02 6.450982861220837250e-02
1.370000000000000000e+02 6.370551668107510279e-02
1.380000000000000000e+02 6.377915471792221236e-02
1.390000000000000000e+02 6.381208315491676553e-02
1.400000000000000000e+02 6.361028254032134732e-02
1.410000000000000000e+02 6.318637371063232089e-02
1.420000000000000000e+02 6.308874897658825476e-02
1.430000000000000000e+02 6.265299953520298004e-02
1.440000000000000000e+02 6.259090662002562977e-02
1.450000000000000000e+02 6.236462980508804266e-02
1.460000000000000000e+02 6.217747405171394209e-02
1.470000000000000000e+02 6.259232178330421947e-02
1.480000000000000000e+02 6.342865094542503301e-02
1.490000000000000000e+02 6.275518886744975433e-02
1.500000000000000000e+02 6.148325562477111733e-02
1.510000000000000000e+02 6.110961563885211612e-02
1.520000000000000000e+02 6.114304706454277288e-02
1.530000000000000000e+02 6.077625565230846544e-02
1.540000000000000000e+02 6.053267255425453380e-02
1.550000000000000000e+02 6.009313531219959148e-02
1.560000000000000000e+02 6.056928224861621995e-02
1.570000000000000000e+02 5.993665024638175631e-02
1.580000000000000000e+02 6.005452245473861389e-02
1.590000000000000000e+02 6.075695678591728349e-02
1.600000000000000000e+02 5.952895641326904491e-02
1.610000000000000000e+02 5.949548326432704815e-02
1.620000000000000000e+02 5.942556545138358987e-02
1.630000000000000000e+02 5.934763491153716847e-02
1.640000000000000000e+02 5.862648278474807961e-02
1.650000000000000000e+02 5.826975978910922671e-02
1.660000000000000000e+02 5.829417027533054241e-02
1.670000000000000000e+02 5.829877138137817133e-02
1.680000000000000000e+02 5.814920753240584994e-02
1.690000000000000000e+02 5.808231391012668582e-02
1.700000000000000000e+02 5.810684144496917891e-02
1.710000000000000000e+02 5.789586797356605780e-02
1.720000000000000000e+02 5.756418220698833466e-02
1.730000000000000000e+02 5.720692336559295849e-02
1.740000000000000000e+02 5.802309624850750247e-02
1.750000000000000000e+02 5.721322894096374234e-02
1.760000000000000000e+02 5.702114380896091544e-02
1.770000000000000000e+02 5.667170427739619959e-02
1.780000000000000000e+02 5.886573530733585358e-02
1.790000000000000000e+02 5.849105715751647810e-02
1.800000000000000000e+02 5.730559557676315197e-02
1.810000000000000000e+02 5.638879857957362907e-02
1.820000000000000000e+02 5.638025730848312406e-02
1.830000000000000000e+02 5.610844038426875818e-02
1.840000000000000000e+02 5.548187956213951333e-02
1.850000000000000000e+02 5.596692800521850530e-02
1.860000000000000000e+02 5.582177430391311451e-02
1.870000000000000000e+02 5.527604974806308441e-02
1.880000000000000000e+02 5.590473845601082181e-02
1.890000000000000000e+02 5.538702920079231068e-02
1.900000000000000000e+02 5.464109897613525502e-02
1.910000000000000000e+02 5.496104538440704096e-02
1.920000000000000000e+02 5.536594972014427518e-02
1.930000000000000000e+02 5.557794108986854886e-02
1.940000000000000000e+02 5.485209681093692474e-02
1.950000000000000000e+02 5.398322537541389715e-02
1.960000000000000000e+02 5.411021247506141857e-02
1.970000000000000000e+02 5.361423045396804948e-02
1.980000000000000000e+02 5.359942808747291537e-02
1.990000000000000000e+02 5.368609718978405165e-02
2.000000000000000000e+02 5.155874103307724055e-02
2.010000000000000000e+02 5.051336951553821869e-02
2.020000000000000000e+02 5.039680123329162709e-02
2.030000000000000000e+02 5.036687254905700822e-02
2.040000000000000000e+02 5.024321421980857544e-02
2.050000000000000000e+02 5.018216490745544545e-02
2.060000000000000000e+02 5.011396557092666348e-02
2.070000000000000000e+02 5.005589462816715379e-02
2.080000000000000000e+02 4.990805037319660104e-02
2.090000000000000000e+02 4.953260220587253626e-02
2.100000000000000000e+02 4.983796946704387859e-02
2.110000000000000000e+02 4.974740050733089669e-02
2.120000000000000000e+02 4.953179717063904003e-02
2.130000000000000000e+02 4.947774633765220781e-02
2.140000000000000000e+02 4.951085492968559237e-02
2.150000000000000000e+02 4.952117599546909665e-02
2.160000000000000000e+02 4.925560854375362480e-02
2.170000000000000000e+02 4.906316369771957647e-02
2.180000000000000000e+02 4.889490135014057381e-02
2.190000000000000000e+02 4.943408705294131955e-02
2.200000000000000000e+02 4.908435106277465876e-02
2.210000000000000000e+02 4.893843092024326158e-02
2.220000000000000000e+02 4.894269175827502955e-02
2.230000000000000000e+02 4.912591524422169065e-02
2.240000000000000000e+02 4.887105204164982064e-02
2.250000000000000000e+02 4.864050693809986170e-02
2.260000000000000000e+02 4.837359145283699063e-02
2.270000000000000000e+02 4.836769051849842266e-02
2.280000000000000000e+02 4.919625058770180082e-02
2.290000000000000000e+02 4.834603928029537062e-02
2.300000000000000000e+02 4.820905230939388081e-02
2.310000000000000000e+02 4.809416443109512662e-02
2.320000000000000000e+02 4.814547516405582456e-02
2.330000000000000000e+02 4.817481897771358490e-02
2.340000000000000000e+02 4.788437642157077762e-02
2.350000000000000000e+02 4.834947131574154205e-02
2.360000000000000000e+02 4.928574934601783614e-02
2.370000000000000000e+02 4.763078279793262620e-02
2.380000000000000000e+02 4.764602169394493297e-02
2.390000000000000000e+02 4.747505322098732189e-02
2.400000000000000000e+02 4.785850360989570701e-02
2.410000000000000000e+02 4.810324743390083368e-02
2.420000000000000000e+02 4.724582530558109339e-02
2.430000000000000000e+02 4.734932966530323167e-02
2.440000000000000000e+02 4.705434665083885193e-02
2.450000000000000000e+02 4.740308798849582339e-02
2.460000000000000000e+02 4.693707227706909318e-02
2.470000000000000000e+02 4.685916282236576164e-02
2.480000000000000000e+02 4.670890823006629972e-02
2.490000000000000000e+02 4.715899787843227248e-02
2.500000000000000000e+02 4.644134424626827212e-02
2.510000000000000000e+02 4.778435453772544861e-02
2.520000000000000000e+02 4.712668970227241322e-02
2.530000000000000000e+02 4.719534017145633753e-02
2.540000000000000000e+02 4.691079832613467837e-02
2.550000000000000000e+02 4.653215430676937298e-02
2.560000000000000000e+02 4.658921241760254073e-02
2.570000000000000000e+02 4.642946802079677554e-02
2.580000000000000000e+02 4.605055116117000302e-02
2.590000000000000000e+02 4.674146465957165070e-02
2.600000000000000000e+02 4.632649466395378363e-02
2.610000000000000000e+02 4.596525534987449396e-02
2.620000000000000000e+02 4.574185490608215221e-02
2.630000000000000000e+02 4.597277283668518150e-02
2.640000000000000000e+02 4.564610198140144071e-02
2.650000000000000000e+02 4.631499387323856354e-02
2.660000000000000000e+02 4.586853928864002145e-02
2.670000000000000000e+02 4.570672005414962852e-02
2.680000000000000000e+02 4.677690617740154488e-02
2.690000000000000000e+02 4.581617467105388725e-02
2.700000000000000000e+02 4.551678918302059368e-02
2.710000000000000000e+02 4.529637493193149761e-02
2.720000000000000000e+02 4.562015265226364302e-02
2.730000000000000000e+02 4.601032242178917236e-02
2.740000000000000000e+02 4.508277334272861592e-02
2.750000000000000000e+02 4.484009735286235976e-02
2.760000000000000000e+02 4.526223704218864524e-02
2.770000000000000000e+02 4.486754119396210022e-02
2.780000000000000000e+02 4.532312341034412662e-02
2.790000000000000000e+02 4.670982770621776720e-02
2.800000000000000000e+02 4.493783526122570315e-02
2.810000000000000000e+02 4.460690669715404455e-02
2.820000000000000000e+02 4.493243061006069183e-02
2.830000000000000000e+02 4.534390263259410747e-02
2.840000000000000000e+02 4.444024540483951236e-02
2.850000000000000000e+02 4.469748906791209953e-02
2.860000000000000000e+02 4.443583577871322576e-02
2.870000000000000000e+02 4.425722785294056161e-02
2.880000000000000000e+02 4.442178517580032404e-02
2.890000000000000000e+02 4.466300107538700298e-02
2.900000000000000000e+02 4.469384424388408994e-02
2.910000000000000000e+02 4.406215399503708025e-02
2.920000000000000000e+02 4.393600679934024644e-02
2.930000000000000000e+02 4.405603379011154008e-02
2.940000000000000000e+02 4.425677627325057956e-02
2.950000000000000000e+02 4.568899258971214489e-02
2.960000000000000000e+02 4.441597096621990176e-02
2.970000000000000000e+02 4.474636889994144245e-02
2.980000000000000000e+02 4.475508332252502164e-02
2.990000000000000000e+02 4.401481151580810547e-02
3.000000000000000000e+02 4.288750395178794750e-02
3.010000000000000000e+02 4.225938692688942233e-02
3.020000000000000000e+02 4.222356699407101011e-02
3.030000000000000000e+02 4.215917915105819869e-02
3.040000000000000000e+02 4.198259182274341472e-02
3.050000000000000000e+02 4.191297620534897156e-02
3.060000000000000000e+02 4.210688576102256803e-02
3.070000000000000000e+02 4.213422119617462464e-02
3.080000000000000000e+02 4.188312135636806238e-02
3.090000000000000000e+02 4.173936918377876143e-02
3.100000000000000000e+02 4.177995674312114799e-02
3.110000000000000000e+02 4.176586359739303811e-02
3.120000000000000000e+02 4.200614444911479617e-02
3.130000000000000000e+02 4.197633221745491333e-02
3.140000000000000000e+02 4.178230315446853499e-02
3.150000000000000000e+02 4.151646405458450650e-02
3.160000000000000000e+02 4.156568877398967438e-02
3.170000000000000000e+02 4.136623658239841489e-02
3.180000000000000000e+02 4.207805894315242573e-02
3.190000000000000000e+02 4.215207032859325659e-02
3.200000000000000000e+02 4.143414013087749759e-02
3.210000000000000000e+02 4.135627262294292589e-02
3.220000000000000000e+02 4.127823829650879156e-02
3.230000000000000000e+02 4.132993370294570784e-02
3.240000000000000000e+02 4.151809811592101912e-02
3.250000000000000000e+02 4.142679631710052823e-02
3.260000000000000000e+02 4.135933518409729004e-02
3.270000000000000000e+02 4.104584388434887043e-02
3.280000000000000000e+02 4.141348458826541595e-02
3.290000000000000000e+02 4.190800927579402951e-02
3.300000000000000000e+02 4.126357309520244793e-02
3.310000000000000000e+02 4.107493579387664490e-02
3.320000000000000000e+02 4.118590570986271210e-02
3.330000000000000000e+02 4.111045494675636541e-02
3.340000000000000000e+02 4.114809632301330566e-02
3.350000000000000000e+02 4.133980624377727592e-02
3.360000000000000000e+02 4.099789686501026376e-02
3.370000000000000000e+02 4.094270288944244079e-02
3.380000000000000000e+02 4.083632506430148745e-02
3.390000000000000000e+02 4.084340475499630141e-02
3.400000000000000000e+02 4.060862742364406558e-02
3.410000000000000000e+02 4.098310276865959473e-02
3.420000000000000000e+02 4.062059529125690294e-02
3.430000000000000000e+02 4.061019733548164312e-02
3.440000000000000000e+02 4.050641342997551159e-02
3.450000000000000000e+02 4.053645059466361861e-02
3.460000000000000000e+02 4.079709626734256966e-02
3.470000000000000000e+02 4.047804005444050057e-02
3.480000000000000000e+02 4.062813259661197940e-02
3.490000000000000000e+02 4.112346597015857641e-02
3.500000000000000000e+02 4.058295473456383085e-02
3.510000000000000000e+02 4.033930093050003274e-02
3.520000000000000000e+02 4.037222504615783913e-02
3.530000000000000000e+02 4.034522786736488564e-02
3.540000000000000000e+02 4.001463048160076169e-02
3.550000000000000000e+02 4.051507696509361323e-02
3.560000000000000000e+02 4.086384810507297238e-02
3.570000000000000000e+02 4.039265424013138012e-02
3.580000000000000000e+02 4.017949536442756708e-02
3.590000000000000000e+02 4.002466410398483609e-02
3.600000000000000000e+02 4.053809545934200509e-02
3.610000000000000000e+02 4.000357493758201904e-02
3.620000000000000000e+02 4.029050320386886458e-02
3.630000000000000000e+02 3.979593552649021010e-02
3.640000000000000000e+02 4.011418499052524234e-02
3.650000000000000000e+02 4.011498175561428042e-02
3.660000000000000000e+02 4.003702439367771287e-02
3.670000000000000000e+02 3.978596769273281403e-02
3.680000000000000000e+02 4.016630239784717282e-02
3.690000000000000000e+02 3.984404325485229464e-02
3.700000000000000000e+02 3.975644081830978505e-02
3.710000000000000000e+02 3.961531467735767559e-02
3.720000000000000000e+02 4.008487366139888708e-02
3.730000000000000000e+02 3.973899953067303037e-02
3.740000000000000000e+02 3.998893350362777571e-02
3.750000000000000000e+02 3.941230937838554466e-02
3.760000000000000000e+02 3.985731072723865814e-02
3.770000000000000000e+02 3.931494794785976576e-02
3.780000000000000000e+02 3.929378241300583025e-02
3.790000000000000000e+02 3.998632267117500222e-02
3.800000000000000000e+02 3.952315747737884799e-02
3.810000000000000000e+02 3.935552470386028540e-02
3.820000000000000000e+02 3.935673080384731459e-02
3.830000000000000000e+02 3.960383474826812550e-02
3.840000000000000000e+02 3.946302488446235684e-02
3.850000000000000000e+02 3.930583454668521576e-02
3.860000000000000000e+02 3.910507343709469091e-02
3.870000000000000000e+02 3.968464635312557443e-02
3.880000000000000000e+02 3.921142697334289301e-02
3.890000000000000000e+02 3.938420638442039629e-02
3.900000000000000000e+02 3.890635013580322210e-02
3.910000000000000000e+02 3.945880196988582611e-02
3.920000000000000000e+02 3.929368838667869623e-02
3.930000000000000000e+02 3.912150196731090795e-02
3.940000000000000000e+02 3.894078567624092296e-02
3.950000000000000000e+02 3.956725612282752796e-02
3.960000000000000000e+02 3.919163063168525779e-02
3.970000000000000000e+02 3.907568834722042334e-02
3.980000000000000000e+02 3.895145826041698789e-02
3.990000000000000000e+02 3.881885752081871283e-02
4.000000000000000000e+02 3.836487889289855874e-02
