0.000000000000000000e+00 6.967731356620788796e-01
1.000000000000000000e+00 5.521774148941039906e-01
2.000000000000000000e+00 5.603512871265411421e-01
3.000000000000000000e+00 5.293378996849059659e-01
4.000000000000000000e+00 5.096283483505249512e-01
5.000000000000000000e+00 5.310773861408233376e-01
6.000000000000000000e+00 4.850360894203186168e-01
7.000000000000000000e+00 4.733725881576538175e-01
8.000000000000000000e+00 4.267535132169723577e-01
9.000000000000000000e+00 4.128158926963806374e-01
1.000000000000000000e+01 3.846868032217025668e-01
1.100000000000000000e+01 3.200053691864013783e-01
1.200000000000000000e+01 2.433700948953628485e-01
1.300000000000000000e+01 2.486129391193389881e-01
1.400000000000000000e+01 2.710556641221046337e-01
1.500000000000000000e+01 1.700396320223808155e-01
1.600000000000000000e+01 1.370665192604064997e-01
1.700000000000000000e+01 1.188450750708580084e-01
1.800000000000000000e+01 1.098959025740623430e-01
1.900000000000000000e+01 1.015476903319358776e-01
2.000000000000000000e+01 9.218321487307548634e-02
2.100000000000000000e+01 8.514570534229277954e-02
2.200000000000000000e+01 8.276558607816696111e-02
2.300000000000000000e+01 7.844202786684036088e-02
2.400000000000000000e+01 7.570794224739074707e-02
2.500000000000000000e+01 7.572436660528182595e-02
2.600000000000000000e+01 7.353112727403640636e-02
2.700000000000000000e+01 6.481472484767436537e-02
2.800000000000000000e+01 6.362669058144092282e-02
2.900000000000000000e+01 5.984702236950397575e-02
3.000000000000000000e+01 5.883852787315845684e-02
3.100000000000000000e+01 5.722169257700443490e-02
3.200000000000000000e+01 5.866470612585544808e-02
3.300000000000000000e+01 6.059485279023647114e-02
3.400000000000000000e+01 5.794415667653083496e-02
3.500000000000000000e+01 5.269630670547485046e-02
3.600000000000000000e+01 5.093226738274097415e-02
3.700000000000000000e+01 5.307069748640060730e-02
3.800000000000000000e+01 5.230695508420467321e-02
3.900000000000000000e+01 5.066042229533195690e-02
4.000000000000000000e+01 4.914953760802745486e-02
4.100000000000000000e+01 4.818668834865093287e-02
4.200000000000000000e+01 4.902728177607059562e-02
4.300000000000000000e+01 5.124350182712077845e-02
4.400000000000000000e+01 5.177339315414428850e-02
4.500000000000000000e+01 5.052254602313041576e-02
4.600000000000000000e+01 5.172116093337535830e-02
4.700000000000000000e+01 5.468668602406978607e-02
4.800000000000000000e+01 5.587074212729931100e-02
4.900000000000000000e+01 4.590444028377532737e-02
5.000000000000000000e+01 4.454265289008617346e-02
5.100000000000000000e+01 4.717470072209835330e-02
5.200000000000000000e+01 4.665536291897296600e-02
5.300000000000000000e+01 4.533979333937167983e-02
5.400000000000000000e+01 4.296971999108791657e-02
5.500000000000000000e+01 4.263691283762455209e-02
5.600000000000000000e+01 4.257381081581115834e-02
5.700000000000000000e+01 4.297549925744533622e-02
5.800000000000000000e+01 4.310640096664428850e-02
5.900000000000000000e+01 4.322985194623470140e-02
6.000000000000000000e+01 4.060424685478210283e-02
6.100000000000000000e+01 4.271489657461643302e-02
6.200000000000000000e+01 3.975388653576374109e-02
6.300000000000000000e+01 3.904358621686696701e-02
6.400000000000000000e+01 4.053223118185997342e-02
6.500000000000000000e+01 4.070386320352554349e-02
6.600000000000000000e+01 3.947124958038330383e-02
6.700000000000000000e+01 4.078966379165649414e-02
6.800000000000000000e+01 4.048957258462906189e-02
6.900000000000000000e+01 4.168837893754243767e-02
7.000000000000000000e+01 4.062481522560119906e-02
7.100000000000000000e+01 3.994418654590844997e-02
7.200000000000000000e+01 3.785027101635932839e-02
7.300000000000000000e+01 3.692118499428034134e-02
7.400000000000000000e+01 3.818542901426554004e-02
7.500000000000000000e+01 3.730434469878673304e-02
7.600000000000000000e+01 3.754022352397441697e-02
7.700000000000000000e+01 3.661350317299365970e-02
7.800000000000000000e+01 3.618259403854608841e-02
7.900000000000000000e+01 3.574186690151691381e-02
8.000000000000000000e+01 3.646219659596681290e-02
8.100000000000000000e+01 3.750620316714048386e-02
8.200000000000000000e+01 3.768536217510700531e-02
8.300000000000000000e+01 3.624658513814210670e-02
8.400000000000000000e+01 3.586713951081037244e-02
8.500000000000000000e+01 3.516312118619680654e-02
8.600000000000000000e+01 3.567205008119344462e-02
8.700000000000000000e+01 3.591124545782804767e-02
8.800000000000000000e+01 3.536850042641162539e-02
8.900000000000000000e+01 3.806919317692518401e-02
9.000000000000000000e+01 3.677995592355728233e-02
9.100000000000000000e+01 4.075343519449234342e-02
9.200000000000000000e+01 4.497103825211525019e-02
9.300000000000000000e+01 3.918710492551327057e-02
9.400000000000000000e+01 3.750561278313398195e-02
9.500000000000000000e+01 3.580258663743734332e-02
9.600000000000000000e+01 3.497764214873314015e-02
9.700000000000000000e+01 3.593699466437101642e-02
9.800000000000000000e+01 3.700102575123310339e-02
9.900000000000000000e+01 3.672971688210964480e-02
1.000000000000000000e+02 3.186248458921909360e-02
1.010000000000000000e+02 2.719536680728197250e-02
1.020000000000000000e+02 2.571400158107280814e-02
1.030000000000000000e+02 2.513703715056181051e-02
1.040000000000000000e+02 2.550958996638655676e-02
1.050000000000000000e+02 2.556110691279172772e-02
1.060000000000000000e+02 2.515699528157711029e-02
1.070000000000000000e+02 2.494760502129793334e-02
1.080000000000000000e+02 2.470043336972594164e-02
1.090000000000000000e+02 2.482284866273403237e-02
1.100000000000000000e+02 2.591381141915917452e-02
1.110000000000000000e+02 2.635847136378288366e-02
1.120000000000000000e+02 2.711423963308334448e-02
1.130000000000000000e+02 2.588313888758421097e-02
1.140000000000000000e+02 2.561709236353635830e-02
1.150000000000000000e+02 2.574315596371888962e-02
1.160000000000000000e+02 2.706014059484004863e-02
1.170000000000000000e+02 2.711549583822488868e-02
1.180000000000000000e+02 2.619346842169761533e-02
1.190000000000000000e+02 2.566986124962568339e-02
1.200000000000000000e+02 2.589499834924936447e-02
1.210000000000000000e+02 2.556844372302293639e-02
1.220000000000000000e+02 2.552798438817262608e-02
1.230000000000000000e+02 2.560189310461282591e-02
1.240000000000000000e+02 2.546596042811870644e-02
1.250000000000000000e+02 2.570176970213651491e-02
1.260000000000000000e+02 2.626405712217092653e-02
1.270000000000000000e+02 2.615295045077800640e-02
1.280000000000000000e+02 2.639766518026590361e-02
1.290000000000000000e+02 2.800738487392663914e-02
1.300000000000000000e+02 2.804941833019256731e-02
1.310000000000000000e+02 2.810124471783638153e-02
1.320000000000000000e+02 2.587625022977590658e-02
1.330000000000000000e+02 2.540127916261553792e-02
1.340000000000000000e+02 2.607771437615156312e-02
1.350000000000000000e+02 2.594669535756111145e-02
1.360000000000000000e+02 2.658518649637699183e-02
1.370000000000000000e+02 2.627335391938686454e-02
1.380000000000000000e+02 2.643519841134548201e-02
1.390000000000000000e+02 2.773094862699508611e-02
1.400000000000000000e+02 2.759452097117900959e-02
1.410000000000000000e+02 2.651141472160816262e-02
1.420000000000000000e+02 2.637488104403018854e-02
1.430000000000000000e+02 2.593457855284213992e-02
1.440000000000000000e+02 2.507782105356454877e-02
1.450000000000000000e+02 2.613772612065076717e-02
1.460000000000000000e+02 2.575763668864965508e-02
1.470000000000000000e+02 3.111148919910192504e-02
1.480000000000000000e+02 3.276899911463260900e-02
1.490000000000000000e+02 2.723976656794548090e-02
1.500000000000000000e+02 2.626189451664686161e-02
1.510000000000000000e+02 2.611338011920451979e-02
1.520000000000000000e+02 2.571753606200218034e-02
1.530000000000000000e+02 2.514130923897027817e-02
1.540000000000000000e+02 2.656652677804231810e-02
1.550000000000000000e+02 2.557961260899901251e-02
1.560000000000000000e+02 2.604674991220235977e-02
1.570000000000000000e+02 2.656371049582958305e-02
1.580000000000000000e+02 2.617715653032064507e-02
1.590000000000000000e+02 2.554447937756776713e-02
1.600000000000000000e+02 2.550198644399643069e-02
1.610000000000000000e+02 2.527106821537017725e-02
1.620000000000000000e+02 2.546291287988424260e-02
1.630000000000000000e+02 2.504357680678367601e-02
1.640000000000000000e+02 2.563075397163629490e-02
1.650000000000000000e+02 2.518354661762714497e-02
1.660000000000000000e+02 2.566581141203641905e-02
1.670000000000000000e+02 2.523220479488372942e-02
1.680000000000000000e+02 2.727424085140228369e-02
1.690000000000000000e+02 2.642936643213033773e-02
1.700000000000000000e+02 2.543511062860488725e-02
1.710000000000000000e+02 2.640557419508695464e-02
1.720000000000000000e+02 2.587221750989556271e-02
1.730000000000000000e+02 2.522544687613844858e-02
1.740000000000000000e+02 2.478105932474136339e-02
1.750000000000000000e+02 2.509658623486757389e-02
1.760000000000000000e+02 2.672124307602644078e-02
1.770000000000000000e+02 2.549738397821783853e-02
1.780000000000000000e+02 2.514033911749720407e-02
1.790000000000000000e+02 2.474319316446781103e-02
1.800000000000000000e+02 2.463336478918790734e-02
1.810000000000000000e+02 3.345262009650468854e-02
1.820000000000000000e+02 3.309846702963113729e-02
1.830000000000000000e+02 2.666953857988119125e-02
1.840000000000000000e+02 2.459571244195103701e-02
1.850000000000000000e+02 2.494652407243848000e-02
1.860000000000000000e+02 2.552943976595997699e-02
1.870000000000000000e+02 2.527352251112461104e-02
1.880000000000000000e+02 2.689367711544037032e-02
1.890000000000000000e+02 2.763857372105121488e-02
1.900000000000000000e+02 2.611715212464332456e-02
1.910000000000000000e+02 2.506630325689911815e-02
1.920000000000000000e+02 2.498281374573707581e-02
1.930000000000000000e+02 2.440171891823410960e-02
1.940000000000000000e+02 2.512068336829543017e-02
1.950000000000000000e+02 2.487417042255401708e-02
1.960000000000000000e+02 2.502101698890328574e-02
1.970000000000000000e+02 2.501856371760368195e-02
1.980000000000000000e+02 2.419683260843157740e-02
1.990000000000000000e+02 2.449768982827663436e-02
2.000000000000000000e+02 2.268162790685892063e-02
2.010000000000000000e+02 2.009129963815212139e-02
2.020000000000000000e+02 1.924795556813478636e-02
2.030000000000000000e+02 1.905861381441354904e-02
2.040000000000000000e+02 1.883916202932596137e-02
2.050000000000000000e+02 1.895474741235375279e-02
2.060000000000000000e+02 1.910262199118733378e-02
2.070000000000000000e+02 1.926360251381993224e-02
2.080000000000000000e+02 1.910799799486994840e-02
2.090000000000000000e+02 1.915897347033023931e-02
2.100000000000000000e+02 1.921075180172920199e-02
2.110000000000000000e+02 1.925380719825625295e-02
2.120000000000000000e+02 1.994279561564326134e-02
2.130000000000000000e+02 1.965744929388165557e-02
2.140000000000000000e+02 1.951973194256424737e-02
2.150000000000000000e+02 1.948226427659392399e-02
2.160000000000000000e+02 1.959632799029350364e-02
2.170000000000000000e+02 1.935672666877508163e-02
2.180000000000000000e+02 1.960646398365497450e-02
2.190000000000000000e+02 1.968931537121534209e-02
2.200000000000000000e+02 1.933517374098300823e-02
2.210000000000000000e+02 1.931907685473561315e-02
2.220000000000000000e+02 1.969417534768581543e-02
2.230000000000000000e+02 1.952938687056303066e-02
2.240000000000000000e+02 1.963936528190970282e-02
2.250000000000000000e+02 1.938093151897192154e-02
2.260000000000000000e+02 1.919778179377317276e-02
2.270000000000000000e+02 1.907870743423700430e-02
2.280000000000000000e+02 1.985056631267070881e-02
2.290000000000000000e+02 1.958386905491352192e-02
2.300000000000000000e+02 1.924436919391155076e-02
2.310000000000000000e+02 1.908522631973028072e-02
2.320000000000000000e+02 1.970323791727423765e-02
2.330000000000000000e+02 1.985264401882886817e-02
2.340000000000000000e+02 1.921161767095327239e-02
2.350000000000000000e+02 1.912940431386232418e-02
2.360000000000000000e+02 1.880749583244323633e-02
2.370000000000000000e+02 1.828035080805420765e-02
2.380000000000000000e+02 2.595172386616468457e-02
2.390000000000000000e+02 2.949369858950376400e-02
2.400000000000000000e+02 2.148363525047898223e-02
2.410000000000000000e+02 1.951298868283629293e-02
2.420000000000000000e+02 1.913354566320776828e-02
2.430000000000000000e+02 1.899801542982458916e-02
2.440000000000000000e+02 1.903370153158902983e-02
2.450000000000000000e+02 1.865277038887143066e-02
2.460000000000000000e+02 1.858153188601136332e-02
2.470000000000000000e+02 1.870151139795780265e-02
2.480000000000000000e+02 1.845874978229403510e-02
2.490000000000000000e+02 1.809504112228751266e-02
2.500000000000000000e+02 1.699692718684673448e-02
2.510000000000000000e+02 1.590893017128109863e-02
2.520000000000000000e+02 1.337773671373724931e-02
2.530000000000000000e+02 3.302798032760620450e-02
2.540000000000000000e+02 3.277886547148227414e-02
2.550000000000000000e+02 2.237205583602189934e-02
2.560000000000000000e+02 2.053915029391646316e-02
2.570000000000000000e+02 1.955334834754467177e-02
2.580000000000000000e+02 1.947126520797610311e-02
2.590000000000000000e+02 1.909922637045383467e-02
2.600000000000000000e+02 1.883684879168867968e-02
2.610000000000000000e+02 1.872928943485021452e-02
2.620000000000000000e+02 1.844660021364688887e-02
2.630000000000000000e+02 1.864031923934817217e-02
2.640000000000000000e+02 1.844845689833164368e-02
2.650000000000000000e+02 1.810584612190723267e-02
2.660000000000000000e+02 1.830111909657716751e-02
2.670000000000000000e+02 1.790282944217324104e-02
2.680000000000000000e+02 1.801511498168111014e-02
2.690000000000000000e+02 1.748507756739854646e-02
2.700000000000000000e+02 1.636659387499093954e-02
2.710000000000000000e+02 1.467255325987935032e-02
2.720000000000000000e+02 1.297747747972607599e-02
2.730000000000000000e+02 1.140673745423555381e-02
2.740000000000000000e+02 1.092970402911305414e-02
2.750000000000000000e+02 1.022278718650341048e-02
2.760000000000000000e+02 9.829209353774785718e-03
2.770000000000000000e+02 9.606799725443124910e-03
2.780000000000000000e+02 9.472802132368087630e-03
2.790000000000000000e+02 9.022202733904123237e-03
2.800000000000000000e+02 9.044518675655126988e-03
2.810000000000000000e+02 9.049365706741809359e-03
2.820000000000000000e+02 9.132201280444861291e-03
2.830000000000000000e+02 8.721884619444609382e-03
2.840000000000000000e+02 8.437297269701958535e-03
2.850000000000000000e+02 8.563450202345848639e-03
2.860000000000000000e+02 8.513989225029945651e-03
2.870000000000000000e+02 8.820967357605695794e-03
2.880000000000000000e+02 8.538176994770765513e-03
2.890000000000000000e+02 8.447551093995571067e-03
2.900000000000000000e+02 8.780024666339158318e-03
2.910000000000000000e+02 8.496116083115339002e-03
2.920000000000000000e+02 8.224185761064291625e-03
2.930000000000000000e+02 8.991715256124735087e-03
2.940000000000000000e+02 9.093309007585047982e-03
2.950000000000000000e+02 8.377094920724630078e-03
2.960000000000000000e+02 8.385777100920676838e-03
2.970000000000000000e+02 9.066947605460881632e-03
2.980000000000000000e+02 9.007057230919600019e-03
2.990000000000000000e+02 8.590404894202947200e-03
3.000000000000000000e+02 7.646759767085314040e-03
3.010000000000000000e+02 6.173397842794656719e-03
3.020000000000000000e+02 5.743531100451945877e-03
3.030000000000000000e+02 5.555025730282068218e-03
3.040000000000000000e+02 5.448785591870546757e-03
3.050000000000000000e+02 5.397739736363291879e-03
3.060000000000000000e+02 5.359021974727511649e-03
3.070000000000000000e+02 5.313610378652811224e-03
3.080000000000000000e+02 5.277382135391235282e-03
3.090000000000000000e+02 5.347324246540666008e-03
3.100000000000000000e+02 5.458221379667520592e-03
3.110000000000000000e+02 5.507719088345765929e-03
3.120000000000000000e+02 5.440073711797594955e-03
3.130000000000000000e+02 5.471681514754891430e-03
3.140000000000000000e+02 5.509358569979667421e-03
3.150000000000000000e+02 5.768869025632739241e-03
3.160000000000000000e+02 5.879731951281428649e-03
3.170000000000000000e+02 5.815654369071126054e-03
3.180000000000000000e+02 5.835113273933529784e-03
3.190000000000000000e+02 6.328858612105250740e-03
3.200000000000000000e+02 5.911712739616632219e-03
3.210000000000000000e+02 5.665903631597757513e-03
3.220000000000000000e+02 5.635277349501848637e-03
3.230000000000000000e+02 5.604399787262082273e-03
3.240000000000000000e+02 5.562623478472233235e-03
3.250000000000000000e+02 5.499184289947152068e-03
3.260000000000000000e+02 5.589828565716743226e-03
3.270000000000000000e+02 5.709733227267861470e-03
3.280000000000000000e+02 5.712276035919785881e-03
3.290000000000000000e+02 5.764942243695258747e-03
3.300000000000000000e+02 5.892115458846092051e-03
3.310000000000000000e+02 5.981580438092350821e-03
3.320000000000000000e+02 5.883891256526112452e-03
3.330000000000000000e+02 5.895190797746181419e-03
3.340000000000000000e+02 5.835820622742175778e-03
3.350000000000000000e+02 5.813935250043869400e-03
3.360000000000000000e+02 6.000373028218746602e-03
3.370000000000000000e+02 5.890883030369878023e-03
3.380000000000000000e+02 5.852542743086814811e-03
3.390000000000000000e+02 5.783963780850172320e-03
3.400000000000000000e+02 5.985709363594651430e-03
3.410000000000000000e+02 5.883502978831529374e-03
3.420000000000000000e+02 5.870409142225981036e-03
3.430000000000000000e+02 6.008606059476733104e-03
3.440000000000000000e+02 5.983829516917466701e-03
3.450000000000000000e+02 5.831663915887475187e-03
3.460000000000000000e+02 5.676208520308137148e-03
3.470000000000000000e+02 5.602315887808799640e-03
3.480000000000000000e+02 5.570311024785041740e-03
3.490000000000000000e+02 5.664921049028635164e-03
3.500000000000000000e+02 5.833775782957672899e-03
3.510000000000000000e+02 6.171200331300497402e-03
3.520000000000000000e+02 5.995237175375223507e-03
3.530000000000000000e+02 6.230290383100509956e-03
3.540000000000000000e+02 5.878266012296080867e-03
3.550000000000000000e+02 5.830273339524865220e-03
3.560000000000000000e+02 5.804485492408275465e-03
3.570000000000000000e+02 5.656878296285867969e-03
3.580000000000000000e+02 5.650596478953957141e-03
3.590000000000000000e+02 5.842868490144609989e-03
3.600000000000000000e+02 5.752477608621120279e-03
3.610000000000000000e+02 5.640881592407822817e-03
3.620000000000000000e+02 5.544368373230099643e-03
3.630000000000000000e+02 5.563214300200343236e-03
3.640000000000000000e+02 5.551175298169255118e-03
3.650000000000000000e+02 5.564786056056618933e-03
3.660000000000000000e+02 5.672665033489465887e-03
3.670000000000000000e+02 5.718006379902362477e-03
3.680000000000000000e+02 5.773796951398253025e-03
3.690000000000000000e+02 5.971351908519864117e-03
3.700000000000000000e+02 6.079442333430051804e-03
3.710000000000000000e+02 6.393734700977802589e-03
3.720000000000000000e+02 6.047472711652517215e-03
3.730000000000000000e+02 5.770737901329993889e-03
3.740000000000000000e+02 5.669582653790711940e-03
3.750000000000000000e+02 5.605312557891011481e-03
3.760000000000000000e+02 5.531638395041227341e-03
3.770000000000000000e+02 5.492570651695132325e-03
3.780000000000000000e+02 5.482061691582202842e-03
3.790000000000000000e+02 5.418146019801497668e-03
3.800000000000000000e+02 5.685528963804245203e-03
3.810000000000000000e+02 5.839255796745419433e-03
3.820000000000000000e+02 5.731922714039683689e-03
3.830000000000000000e+02 5.665723485872149051e-03
3.840000000000000000e+02 5.709088351577520752e-03
3.850000000000000000e+02 5.643999241292476689e-03
3.860000000000000000e+02 5.798848206177353512e-03
3.870000000000000000e+02 6.026097433641552578e-03
3.880000000000000000e+02 5.804778607562184611e-03
3.890000000000000000e+02 5.647158809006213795e-03
3.900000000000000000e+02 5.665095876902341739e-03
3.910000000000000000e+02 5.761542664840817521e-03
3.920000000000000000e+02 5.894531905651092911e-03
3.930000000000000000e+02 5.987356295809149846e-03
3.940000000000000000e+02 5.725064817816019093e-03
3.950000000000000000e+02 5.606143288314342082e-03
3.960000000000000000e+02 5.620201611891389136e-03
3.970000000000000000e+02 5.873793838545680358e-03
3.980000000000000000e+02 5.890483884140849252e-03
3.990000000000000000e+02 5.647103050723672329e-03
4.000000000000000000e+02 5.293533327057957545e-03
